7537
8410
3756
7667
5312
2062
4136
7229
6846
9902
8956
4752
3853
4999
6547
2245
4905
9807
6594
3387
2091
8165
4492
7053
6268
5417
1202
2641
5709
509
8423
3247
5271
2180
7266
6936
594
7754
4165
7440
7656
9473
8545
1510
824
5092
107
5729
1251
3054
5468
3342
1219
9960
395
7487
1729
7950
128
3791
4811
4904
3390
6435
7084
656
3371
7678
8411
3888
1471
2419
3361
16
281
4185
1460
389
6266
2711
3443
1734
6053
1014
8046
2800
8501
9775
750
4981
9918
5562
9885
3308
8349
6969
317
1720
1000
8728
1960
2471
7499
5321
8839
7781
5858
299
4522
2124
3010
4317
3858
9063
5331
1904
1863
184
8031
8966
5165
7950
880
1403
1258
9229
4724
1575
949
5724
6655
9261
4547
507
4582
3386
8288
6792
3685
9162
8916
6695
9831
9126
2110
1514
1030
3974
1698
9061
9292
3215
7011
172
4618
4622
9401
5695
2549
6702
1419
9205
5963
5967
6064
6897
9353
704
3689
9391
9866
2605
2438
6049
1731
4549
7563
9113
4875
5613
4526
4167
8828
7890
4339
9799
2512
92
1846
1413
6794
3265
6970
9109
5584
3034
6006
4938
3738
9695
681
9956
8652
3119
6005
6735
7668
3568
2200
8895
5533
6726
9414
714
968
3753
6865
3480
197
8711
1246
6991
1976
8216
6100
7561
1251
8458
8851
1341
4505
5884
1298
9509
9003
7303
6244
3024
7224
4796
1919
2757
7875
1334
9823
8843
1439
6688
8676
1637
5399
9922
4980
3728
4490
7433
7641
5741
5891
6492
3435
397
2376
4733
9906
7731
8388
2503
755
5612
7299
9027
4722
1526
6713
4545
370
8152
1234
9046
6141
2985
5320
1122
6713
9810
8555
4354
1904
798
846
5339
1195
9574
72
7454
7306
8460
9957
4413
425
3608
3440
1499
5135
153
6044
1857
4658
3630
903
799
6616
6223
8273
3329
2385
3180
7684
4289
3979
4882
9628
1526
809
6052
8980
4467
865
5289
8880
1290
5250
8673
2789
6737
5178
5185
8594
9836
8816
5849
6988
5432
8424
1613
8761
809
1146
2797
5099
5125
4032
1079
3003
4841
7132
1984
9308
7997
3625
4540
5639
8875
9565
4780
5612
4744
9965
558
932
8781
6407
4272
565
4831
5886
5679
1993
7032
8476
7092
8509
2508
8171
7864
3701
1655
6200
3009
6004
9826
3902
1643
5053
3467
6423
7018
4563
2741
7576
5496
1522
3984
6120
8440
5167
2006
4119
7160
5390
8947
604
251
7808
5128
8116
1509
6783
4316
871
2788
494
4773
783
5548
4592
3559
2566
9156
6300
142
1004
4174
478
7124
2614
1998
5483
6733
9158
7225
2033
9763
7477
9841
1243
1945
1350
8026
2613
2221
7166
3108
3346
4302
5008
4291
7861
7574
3447
4161
4068
803
8335
899
7927
950
2897
3410
4035
8407
6988
6068
4522
4465
2261
5765
2762
3612
144
5375
2185
3662
4835
1884
7964
9843
6175
5825
3769
5974
9986
4190
6777
4674
5089
4704
1976
4338
4467
2363
2745
1455
4784
3620
2272
7045
9385
1386
657
5881
3113
9195
9544
7949
1079
7508
4144
7254
9686
4266
9580
6024
8456
6357
698
3545
7413
9026
4235
8232
1390
6980
6039
6174
6952
4663
3219
6338
6049
229
8571
9163
5776
8115
3464
6855
1976
3960
461
1662
8226
41
4038
6682
2750
1089
6579
163
115
814
8396
7857
4147
4435
4031
1099
9099
3603
3789
1500
184
2361
7015
2312
6828
6831
9167
5156
792
5980
3170
9018
2373
7209
2053
5123
8298
4984
5286
8413
5799
34
2623
6298
822
3006
3749
6273
6609
3891
7773
3145
2604
1141
5457
9432
7972
976
941
8764
3308
4111
4135
5681
1320
2540
804
9618
7524
2443
4384
9675
8829
7007
5973
9651
13
6075
2276
2975
9966
6402
2472
8922
7543
4282
4706
5515
1610
5647
632
4919
9759
1119
6952
1079
3659
4109
7050
1183
2904
1434
859
1733
4793
3184
7737
1158
5611
13
485
1929
6415
2958
851
3958
3592
5558
5826
5202
1205
6458
6473
964
7577
3426
8396
7588
7535
5446
8771
6791
3232
5982
8524
8025
5519
6261
5535
1130
2627
6021
9412
9042
5331
263
9353
8923
5821
5179
477
3379
7989
6951
4343
1918
6729
2739
9506
616
4537
4629
7407
7769
612
2283
2146
2483
4897
7682
9965
7524
55
9377
2918
1738
9641
2271
661
1814
3802
7490
5193
8143
793
5889
61
7522
4980
9567
4490
9518
4197
1897
3639
1161
533
5786
3644
5430
9820
9961
2954
6227
9339
5872
7965
5332
4496
4978
7146
4650
8820
2340
2794
9614
4581
9207
3488
9561
8775
7979
5431
9324
6228
9071
6837
6761
1209
481
8543
7381
442
1497
3608
6133
3722
7925
1465
8218
2903
8612
9220
8075
7304
2014
7689
8237
1222
7530
7798
6349
5509
3230
2025
8089
2301
8862
1203
9862
5695
9746
7243
2489
7596
851
8623
1318
8776
6440
5888
8031
1404
1460
6106
5060
9827
148
3297
7401
7678
1096
3750
9539
678
2127
3980
9331
989
5183
9193
3036
1282
6436
5525
5230
7287
500
6548
2415
6941
8788
6798
4697
248
9256
9758
75
5756
3055
3828
3434
503
7578
9325
1181
6057
3306
512
3398
4841
9705
6434
6123
6141
8312
1353
9780
5164
4253
8547
8457
9393
1697
3155
5994
7306
2913
2421
3062
2320
6250
2849
2824
180
2174
4005
6238
5480
4518
9636
322
575
2423
2797
6717
735
503
2849
5899
1108
7749
4357
502
9446
7512
6496
6752
6777
5269
9815
9097
1519
2664
1921
1700
1190
2279
7938
6671
6797
3926
3345
3724
6349
6142
6793
7084
2997
9643
9336
4106
7392
3693
4608
3190
7557
7456
9943
4334
2725
6110
3431
597
5126
1705
2297
6316
3984
6587
9339
7133
6865
2684
857
9567
5179
7651
6651
8176
3646
2339
8634
1038
2384
9594
4228
9941
3402
523
627
2480
6633
4059
3077
8111
2116
1726
4428
6100
4665
119
9585
1530
2804
442
1097
4335
4445
4101
8863
8091
2792
3850
5481
5177
3444
6062
5118
6847
6585
5746
9327
9571
6157
2404
4034
4625
482
4814
7077
5147
4934
6662
3029
4090
3456
479
8425
7902
4580
3640
2345
7372
7490
4179
8901
935
241
4020
4134
3178
6118
9813
2749
2275
8569
3136
3252
9051
7950
329
4198
2884
6991
3579
6974
6799
4058
1751
4701
4990
1744
3399
2363
9234
7578
1264
6521
4171
1636
7007
7349
7754
6820
6451
6381
5389
9587
9633
4440
7537
6314
4990
422
3305
8570
3748
105
8980
1852
1158
3971
3596
909
2686
9182
4839
302
2056
9010
1939
9063
6360
6045
5884
9163
8779
1273
8750
4764
2066
6287
1079
3408
3061
736
1978
3162
7193
7311
5014
4704
1282
4962
5613
3968
4144
6805
4270
6200
5815
2561
1616
8527
8607
7500
7690
3738
5125
2792
8502
3543
5432
5933
6952
8493
6670
5282
8007
215
2593
9373
4919
227
4335
6885
4195
4832
3690
8466
7384
5857
7379
9000
737
5986
2852
8427
6076
4330
1220
4579
7873
6652
6864
1177
1497
3534
2812
5857
102
1757
5230
5021
1985
5918
8258
6180
7102
8300
998
4486
4158
8378
3487
4895
716
2691
9674
6793
7021
7246
7724
1247
250
4588
8776
8100
4475
1588
3957
4577
3346
5539
5950
5331
7809
4209
7863
4911
2509
8862
9398
3019
7240
9237
4266
4308
1928
293
1101
5302
7539
5177
6549
7790
9766
5325
2242
4241
3266
2551
8818
6612
8090
4768
8295
2252
5329
6158
7163
4191
5020
2913
7210
8612
2150
1477
9273
431
1770
6726
5733
5661
1904
8634
9803
1670
311
2045
2263
3577
4596
7433
6541
9039
8553
1188
1291
3883
7347
8454
8074
8719
1368
1636
3684
9870
9465
2957
301
7587
9683
2386
3249
1587
7372
3052
9609
4036
1450
8224
3965
6046
2009
507
1437
563
8047
2728
798
5394
7535
5224
4114
8903
6860
7798
5125
6326
7107
1779
3913
6790
517
3514
4730
7890
6567
691
1926
4369
8916
5891
415
7277
2750
1853
7840
798
933
8638
2544
8468
214
3010
3723
7075
808
8849
9753
4267
628
3666
1058
7497
3533
2140
5387
100
2831
3665
821
8099
5909
1236
5377
8659
9441
9569
5809
6727
4560
8354
5195
4774
1364
8919
1849
8525
4120
1602
2792
1100
1621
202
8597
5154
2342
337
1606
1526
4002
8779
5977
9911
15
1354
4923
5809
924
7084
2536
5484
1790
4083
6610
3155
9354
8460
8032
3474
6414
7176
926
4387
3731
9524
5893
6073
9861
3851
3951
215
2630
9929
127
8998
1283
1402
1159
8559
8486
47
395
277
4130
7006
9784
3485
1818
4168
3311
8232
1344
4238
8972
5075
3762
4865
7501
9975
5069
1452
190
7699
1381
6669
3049
9017
4423
4208
3928
2910
4255
4324
9539
8386
7682
9323
8223
9500
9843
7886
4084
1187
2124
3056
2615
2238
4274
6468
2213
9343
7920
8756
3394
5654
1777
6444
1023
6201
652
4951
5463
1260
5627
5002
5998
3309
677
4221
2809
520
2107
6894
8059
584
6302
674
2822
576
7142
1388
6271
1415
6496
9666
3421
4625
2462
4444
826
3114
9395
6289
726
1375
7643
6724
4684
8320
7297
3846
5192
5757
7092
3252
6341
3394
278
5515
323
3773
3255
6594
5188
9751
2612
4961
4377
5074
9405
1555
4541
5152
4197
1619
6527
1840
8344
7564
6513
5641
1410
1705
1398
8502
1309
4091
1896
1588
9607
8571
5361
2862
5166
6901
8966
4130
1862
9695
5557
1267
1250
6450
2771
1799
8069
9299
9992
2765
6863
6505
8407
8273
4562
6157
3127
5872
249
5023
3812
9856
3595
9173
9070
5113
6074
8036
5595
7936
7731
7504
5555
5334
3954
8326
7133
8376
3977
7125
1141
7192
9982
9548
1817
897
5706
4944
3121
2307
6320
6933
2163
6267
6106
1233
1380
8532
5622
3327
6468
9705
832
8375
5039
1138
6701
8525
9514
7031
5650
7008
4223
1985
6556
6041
2882
8614
985
6003
921
7305
2936
9436
9924
5394
7022
7656
3926
2644
984
6746
2349
8168
5121
3741
9306
8174
2266
5173
5205
4268
2181
9429
2605
5089
1822
5487
56
9159
7842
7329
2817
7130
6766
2741
2524
140
398
2802
2784
1382
9548
1485
9550
1021
1578
5208
9196
3844
381
753
4465
8914
182
7070
4004
8356
8910
4060
7516
3104
1389
333
235
4507
3074
2759
4647
3472
1914
7431
1206
1462
5269
7108
8836
6847
2317
8032
7044
9050
5137
7861
7965
1672
1283
1969
28
6545
2381
7544
9650
3770
7877
9885
8278
7304
8996
9277
776
910
3061
8335
8725
8330
5443
7561
1529
4112
1945
4925
3163
7082
9138
7480
5106
422
9449
5135
6967
8182
2679
2969
8304
6909
2854
6582
4213
8203
2212
1341
9113
5273
9676
4190
3603
5120
8103
1484
9232
6400
2762
8747
3483
1900
6227
8589
2322
2028
76
5642
210
2756
8611
8515
6017
7818
1449
230
6021
3661
1571
1486
8934
1248
5677
8889
2720
3780
374
1952
181
3136
700
16
5036
6927
4957
3711
8956
1386
5705
5518
4142
668
4033
6511
8486
5483
6741
4507
5496
4664
2346
4431
5912
8023
3320
8632
8155
46
6937
4688
9534
7637
1056
923
916
2366
4634
6224
3752
6691
1743
7894
7359
5776
4405
5846
7611
7498
6705
3108
2162
9051
3891
4427
3426
7211
9411
7934
3610
6348
2622
3144
337
31
4067
1254
2397
5053
3830
6149
1744
5573
395
9104
7702
1152
1302
1665
8650
8007
4773
7164
3411
5016
1591
6837
8580
7355
1123
2190
3703
98
5334
393
129
5754
7999
2526
7159
1829
8675
8904
3755
5422
4360
1457
6574
5662
9474
1576
3669
600
8740
3432
5616
6684
6622
4196
4039
7745
6386
4094
7843
8073
839
7972
179
8838
6850
7338
668
1877
6242
775
7299
6954
8584
3873
2616
8058
5449
2638
8658
542
6070
4275
3578
9044
4823
3969
6790
1210
8063
985
5635
5255
5310
5814
4093
2160
9504
1113
4038
2099
1888
1337
9053
472
1563
1670
4883
3364
660
3541
3906
3082
4168
3836
2127
8992
7805
5269
6554
2221
6254
2189
7476
7916
4355
1569
77
3859
9035
467
5958
923
8156
5012
7748
9719
3034
2631
9436
46
6172
9694
3128
6693
3531
1607
5685
1336
6876
2239
9909
9483
4428
7385
7399
5135
5307
3828
8994
4342
4295
4953
1617
8804
6317
9365
4875
5703
8348
4311
5749
873
4006
8877
7566
7537
485
9603
5225
3713
1842
5135
3196
2622
8872
6948
7757
531
7128
6751
4873
1424
8056
2843
6580
725
8560
1455
6428
6909
5767
2177
4134
9773
1055
1700
3662
7892
1303
8887
7957
9497
374
1154
2119
9247
4454
6228
9778
1582
9331
1004
9358
3740
199
5938
4465
8759
3746
894
2020
9513
3071
6154
5638
478
4206
5652
8370
1861
4539
6328
1358
1266
3834
9829
6865
4640
2409
6643
6222
1741
3999
1933
5481
550
4223
9946
9310
7969
840
7682
7482
264
189
9472
742
4395
5124
5465
2609
6016
8145
3967
7282
8331
149
4147
2971
2558
7142
5545
651
7494
7478
6132
8044
1702
2431
3706
9671
9623
7741
3506
9887
7930
9330
630
8677
4455
6095
1286
6823
592
1606
4105
8923
8107
4604
1894
665
1746
3791
7669
9240
1270
3801
3637
9324
2584
7343
8995
2208
5084
8853
2095
9366
8184
9077
8044
8991
1524
5682
5814
2116
3640
6271
1039
1747
875
9285
8765
2621
3077
6434
8214
699
6587
1851
23
9172
5546
5370
7732
631
4224
9827
6349
8760
8905
4393
7751
6781
76
9917
8898
68
6188
6289
1816
7063
5575
581
6036
5004
3367
4250
5703
9954
2453
5726
5478
4352
1096
3210
1335
1672
3038
7684
6784
8295
2078
4535
1428
8506
804
326
8574
6992
6616
6742
407
8543
3675
6444
9899
7042
7046
5602
6997
9500
7680
8827
3852
5128
2038
5187
6801
1428
9223
3585
9723
1301
4473
7503
6159
1629
7830
1086
8622
798
7828
9029
5693
1504
1825
5592
4898
8872
7546
1895
4724
5226
723
4928
354
9113
6467
3507
541
5690
3445
6616
6992
4270
4119
9503
5899
8301
589
4521
9099
4770
9903
1144
2626
1728
6736
7524
6952
4282
5772
1676
5860
2847
6604
6215
1960
3071
6074
2501
8762
9519
5469
2106
3789
9588
1609
6041
7890
8551
562
3341
9673
6817
4486
2299
4898
1222
6175
1850
1857
1947
3527
7717
1146
131
284
3106
3203
2711
1959
8317
2230
7428
423
2372
3369
8384
8413
1259
3287
5327
4600
2960
8497
5438
1611
3395
3013
7787
5245
4870
6086
8772
8939
7233
5256
5576
6691
4811
8287
8651
3128
6869
2431
3551
9241
5800
8287
4006
3411
1575
5686
4364
887
4183
9802
2499
7578
2815
6638
2823
4037
9076
7948
2977
6309
3204
8553
9353
8015
6840
4356
7495
3709
6787
7398
9303
8940
5685
9661
8703
7260
5347
3067
4500
9530
2870
6999
7108
2037
3637
6284
6075
2713
4232
9052
5375
3788
3957
1080
8155
7149
5436
5650
7210
8575
3048
2865
3867
5085
2527
2571
8698
7874
5638
3198
7405
4860
6549
865
6898
6538
7149
2973
5603
7733
8377
978
1521
8686
2058
6028
5835
3846
8030
9397
2422
7430
2263
6289
2516
4790
5212
1214
2664
851
764
6421
2063
7313
7287
8961
3851
788
8286
9454
8522
3015
6785
6395
1701
5195
8776
3888
9042
6806
3286
7816
4237
5549
457
6753
339
5670
4319
9355
2873
1435
2129
4936
8748
5768
250
8951
6556
4888
8405
1430
4256
1542
4178
2309
6738
2954
6198
2132
9760
9484
6300
3997
1385
6757
7102
8076
8779
7773
3783
1652
9208
5912
2941
7956
1680
3191
3259
4589
4431
8017
6019
8687
9559
197
997
2649
9503
7195
1133
9264
3031
7433
9613
768
543
6716
5196
5674
4489
8979
3679
50
1244
6620
4358
2924
6163
7618
3865
594
5635
9885
5634
1546
6434
6631
4196
5938
178
1681
1554
9561
5467
1167
6681
2362
4235
1877
8036
5077
856
1715
5127
2100
8335
5837
1377
4498
3455
5242
1445
5442
1479
7079
6989
4266
62
7537
6556
240
9218
8110
6153
4685
5629
2834
7047
6217
4711
1436
1294
1919
3151
2773
372
7839
8610
1749
2337
8418
3343
134
3860
1175
7213
849
5441
7275
4738
1997
3867
3957
6459
20
4994
2088
2854
8394
8305
3917
9830
5951
5837
9333
5076
6209
7172
39
4310
5862
8457
4005
5996
8669
5180
9562
5871
6973
3189
609
5322
3409
4566
1781
3429
5913
3870
2636
4307
8527
2905
489
831
8742
9822
5907
1303
3347
5946
1965
9209
755
5971
1557
9425
7503
7471
1648
4477
661
2257
6151
422
3176
7933
3851
9089
8155
2839
9748
6682
2097
6589
3865
7191
2763
9773
8495
6110
2071
6812
1671
9179
9135
3229
4956
6639
700
6604
7468
7713
8861
3619
8135
2037
7904
8339
7478
6059
7530
3578
9094
9627
167
2959
6819
2931
9084
1666
5393
1156
8478
7065
6687
7614
294
1643
605
7346
4599
8073
1412
9812
8044
9547
1850
5949
4238
5680
8360
1769
9259
7454
7748
9426
414
4567
8709
9498
6233
4103
7006
1064
1168
3693
8678
7814
1688
9283
5160
6287
3708
6572
6100
8104
2472
4302
405
6710
6334
8766
4831
5593
6220
2580
1372
2986
7147
81
2485
9733
4184
5843
797
5352
9537
5827
9518
7577
1462
4679
217
1522
7603
2669
9626
6427
6971
6384
9490
3305
5150
4321
5251
1370
3253
6623
4357
6753
6704
3194
2838
7241
9037
9987
8945
4926
5814
8464
2504
3628
9495
2721
5150
3450
1742
1128
9878
8713
7512
5720
8370
9014
6393
9973
385
9647
6596
1094
6400
9653
4288
9238
3246
9677
9225
2191
4604
1391
655
3460
5019
6502
2533
6521
9953
4275
4001
6183
9340
7866
1903
4062
3232
8296
4036
9969
7943
6984
1063
695
2989
1703
6285
6235
7733
1862
8427
2337
3253
5434
2149
4624
1937
4682
7497
1890
5309
7851
8073
4649
2069
9976
8711
5301
4624
9099
5271
2568
6084
6334
9615
5425
4390
5901
1661
2123
7763
88
812
7369
5522
2961
8345
3811
3995
5843
5701
9304
46
126
305
2115
102
5368
7416
1079
820
2687
3647
6904
5374
9614
8681
6116
5515
342
8239
9631
6782
5403
7000
8657
4716
5345
2468
8711
7540
8170
4367
7586
4648
1024
9701
1103
6392
3470
2182
7212
2509
5829
468
7883
5443
9150
351
7311
5844
4942
6942
2627
345
294
1284
5061
5639
3752
124
9532
8274
4491
7118
2923
5515
3172
4026
8260
6642
6208
1824
9151
8389
8645
3387
184
7795
3738
3847
9991
8681
789
2618
5378
7435
254
440
9427
4007
564
8959
8633
1408
2429
1556
6923
5601
1934
1535
2243
4494
3360
7747
2883
2005
1134
9420
6152
4872
3267
6143
9905
409
5114
5284
7844
5368
2076
7271
5727
2640
2582
4361
4048
5012
2269
7324
613
556
8859
9209
5050
8571
6956
4286
576
8090
3706
3080
9314
3325
5576
9220
3734
690
856
7931
6058
2932
1554
8138
1924
4137
2499
5973
9149
1120
9649
9762
1676
8508
8971
6727
7080
2279
7365
4008
369
7423
7089
9684
748
2665
5256
835
9707
2464
8766
2117
5396
320
255
7320
4457
2754
9645
9958
3875
9294
6073
5551
4155
1396
8630
1235
3676
5995
1595
4045
3418
5036
81
519
4053
1689
1354
3760
4153
6472
5878
5901
6792
6133
3222
7602
5240
9219
3912
5467
8514
9985
7370
2669
1382
6001
256
1410
8348
1851
5455
8119
3240
1889
8638
7293
3578
6344
1054
4084
2816
6932
9985
5960
9417
9559
9914
4657
8779
3827
6476
3645
164
3847
2666
7898
9848
2922
9308
4548
1125
1116
2667
4365
3005
7657
1659
2935
353
9065
3371
3169
2349
3357
5482
1766
9268
1748
2776
4399
1927
9252
8044
2092
3099
710
6342
9299
9984
5651
200
7462
3119
9219
8179
2476
6877
6190
5411
7230
5255
8783
6752
7604
8492
8586
5723
7760
334
8499
2160
2262
4103
6556
706
7203
3619
7048
2854
9955
9051
3054
3769
2170
2274
1949
4646
5503
4491
6410
2733
9747
1545
5837
3703
37
775
9426
4149
1110
4277
2661
9724
8381
5570
430
1936
9189
7478
4790
9144
6530
7845
2914
5052
6471
1215
9699
1974
5706
2461
1059
1805
4006
6897
5509
395
7672
1287
896
5134
1917
3558
4858
298
9128
5288
8586
4669
9119
3376
165
2001
7573
9431
7053
4044
646
3104
2370
2705
5565
3430
4510
9571
6679
6371
6318
703
7659
7215
5838
9576
773
696
6226
6253
2337
4812
7274
1456
4540
7439
9809
8466
6871
6862
8862
3869
6319
1233
6574
1884
4663
1085
7808
7694
7456
4126
8397
1467
1341
4235
7395
8466
1284
3621
1071
3621
4785
8345
1429
5678
2137
1238
4144
9008
4452
9358
2877
771
591
9452
2656
1606
6889
6816
9300
4345
942
7698
5813
8636
8285
9560
3454
9569
3182
878
9542
4319
9223
971
9997
1360
2209
493
6720
6662
6204
9598
3785
3147
5402
6441
4754
2291
3257
406
2988
552
4456
5153
5540
9094
4714
8994
8663
7896
9872
8206
8567
5448
5529
4917
3160
7739
5410
6233
753
1614
5831
4538
4762
7585
7332
5868
9876
6941
2626
2864
3845
3435
8018
9385
2529
2732
4732
7544
6980
956
2102
1899
6404
7632
6816
5917
1723
2227
2150
8828
193
4333
9718
1307
8270
3402
3527
8146
344
2506
7362
4189
5941
1732
9927
4822
816
4659
8718
4148
5615
821
6048
8372
4805
2864
641
2880
1443
9143
8060
7989
9828
7778
9296
8098
1181
9176
2596
7877
1682
9958
8418
7623
8043
8345
8797
5211
9356
3867
9360
1324
1040
1760
6048
5845
4624
6689
5077
2420
5832
3137
409
2012
916
6057
110
8449
5233
2706
2678
6915
2664
1096
890
7059
5794
6039
2271
1502
9907
7983
2826
947
9743
8874
3145
4367
1915
8222
3139
4099
1360
9900
6111
8628
5958
6221
3429
7543
8927
6107
4459
7944
3555
1701
1355
5701
7741
3626
3556
4000
1609
6382
4947
1352
1609
8092
2072
9876
2667
1563
3976
379
1464
6439
9007
7422
9013
8788
4965
4292
1247
5776
2236
1154
3830
9944
6856
7923
3570
412
1923
1532
3146
6870
9236
1107
1315
7660
984
3982
9224
1312
713
688
4103
9720
4462
3116
4860
5779
7409
2459
7908
5997
3613
1738
5941
6821
9661
5864
3585
1584
7396
3084
4806
2984
4191
2473
645
1527
2807
6221
2839
3520
6909
3295
9592
7723
6411
804
3502
3820
3263
1410
6170
6877
9500
2111
3698
9161
7975
3636
7097
1723
6720
8256
1060
911
729
1705
8791
9889
7926
7982
3409
1187
1277
9354
5262
7689
158
8764
7861
3422
6527
4031
6651
6027
6143
349
1541
470
337
8638
8546
7057
6894
9606
4321
3976
7663
3112
3865
1941
1094
3626
9480
2372
9332
4742
6413
9491
9858
4274
9265
2737
8306
5916
8765
801
2617
6658
1271
2955
1648
6169
12
8543
5775
4333
8871
9790
3797
9088
8083
4892
2714
7563
3616
8399
8657
29
7890
8516
4303
7155
1253
2609
3071
6370
3410
5688
9380
1034
4995
1029
7203
5008
9572
9331
5693
4795
5473
5843
3883
3557
735
2949
7472
703
1348
6130
732
5590
998
1387
2745
8603
3997
2168
1326
3759
4209
706
1145
9204
1735
8349
564
7659
4032
2610
2454
9505
8453
2689
9414
5540
1991
6887
6243
9691
9369
3327
5282
6719
4714
4379
5322
8711
6548
6648
8823
7109
3707
9968
6313
5442
4669
3230
9454
8701
5840
8260
4559
645
950
325
6185
9293
7212
8780
8984
2933
2107
4266
9652
6821
4998
1327
1885
7898
4327
7060
5007
8034
7028
7672
9829
8050
902
9283
3103
3094
7543
7662
3739
4845
7988
9924
4138
1552
8704
3123
838
7163
3741
6842
3985
8739
4521
2222
6637
8849
9282
1644
3235
2662
5669
9416
712
6571
8699
3816
9666
2595
7830
9757
3792
2170
9682
7931
75
4738
7406
7265
8254
7499
4107
2239
6239
4981
4461
9228
182
95
7225
3417
2757
2894
2834
9822
5817
7885
9990
1835
6832
4172
1593
6977
6343
7627
4908
2770
8717
8666
35
6971
6165
494
5562
8756
5475
6375
4337
5657
6470
1562
5427
5580
808
4613
5402
6625
8850
5392
4813
2035
9564
2758
9012
2259
385
272
5029
5454
5290
1416
2426
7807
8263
7988
6564
90
716
7253
2100
7186
5167
7527
2766
5975
8492
4520
8952
3694
6264
117
5729
5829
2875
1093
4440
9612
1365
5822
5067
3007
7238
7493
815
1853
1833
3731
1944
2549
984
4044
6088
6151
7923
5206
2126
2767
9727
7430
6461
5991
7548
8543
8172
423
9636
2613
36
7354
8435
1455
361
2025
5300
1176
3879
7133
4907
2175
6035
2243
6219
8475
8394
494
3681
6872
3261
9760
655
9722
5752
8203
4617
276
4978
4254
9241
1366
7960
7676
2821
8321
6054
8121
5850
6285
1607
757
8460
7642
3001
1031
2469
7747
1525
6150
4620
1138
5911
1627
7212
8015
9830
1830
8291
1160
2436
7533
2527
396
1561
5348
8717
3967
3470
4567
6604
5077
1677
5064
9071
1030
2447
1540
8777
3972
4042
9749
1462
9953
1376
8675
4320
7558
505
8964
8719
2941
2849
1246
9689
762
6594
8406
1082
6416
9326
7686
1493
1003
2751
6916
2033
5198
8456
7162
5523
2499
6912
3337
8804
4640
2012
9477
2199
8869
4793
918
8162
7642
2164
7851
4756
5110
2610
5838
1527
1936
3525
9372
2939
2628
6289
1324
7826
1097
8486
9701
9948
1750
9391
5105
6391
1403
4582
8590
6625
9375
5860
4787
3369
8024
2639
8125
9486
5249
316
1013
3537
3841
6738
2828
6469
3027
4152
647
476
8990
6701
425
741
6092
5530
3484
7495
6464
8426
4120
2191
4286
5260
5560
8662
4251
37
8148
5852
353
5514
9389
4194
2252
2217
7015
1631
2721
7663
2107
8063
716
8884
8804
6808
4414
8640
655
878
7066
1128
3069
1352
6388
4981
14
6991
5019
4515
2843
1724
29
2232
2271
8633
801
9286
264
9874
3301
8723
7937
4017
7608
3094
7177
8374
1734
7833
9253
5153
8961
8674
6505
1701
8
2872
8692
1379
7387
1535
3103
7416
119
5374
2401
7272
1013
9017
7146
666
7740
1435
1036
1700
4529
8213
75
2616
6046
5680
7769
1359
706
4274
3060
714
3498
1752
2093
885
9639
1549
4653
9758
3275
7054
3382
640
6071
528
1307
164
1964
2343
1864
2845
6908
8291
5461
9307
323
9582
666
1030
209
79
8096
3707
8183
6542
4593
7823
8091
5598
3933
1366
2653
3668
2007
8724
4196
9666
5240
2512
8361
7105
1710
5269
1748
3523
928
2072
3106
1595
9454
9667
8026
3902
3374
6209
444
4319
384
8535
9918
670
6254
8923
4338
4613
7647
4886
4279
9240
3751
8992
2697
5461
4261
4445
5336
5190
2869
8442
3137
2323
4461
7515
6226
7836
3724
3022
8507
461
7910
8425
7483
4164
7348
1821
5129
1348
3059
9408
588
6810
8400
3285
8623
9013
4082
3960
555
6952
8754
44
5627
3216
7559
8205
7404
7636
1228
5911
4449
9138
689
1932
9654
4389
3753
4783
5737
6812
543
2677
9975
5295
2314
8598
4308
2749
8910
1216
9701
7665
7612
5328
7233
5172
3534
4637
9160
1114
6900
3609
252
7589
5541
9906
1979
5646
4689
4068
8810
5232
3098
8785
527
5412
3736
1187
8161
2646
8755
4214
6663
6368
5895
248
7892
5781
4885
7052
6895
8138
7013
7147
5727
2554
3405
7706
8200
8094
8127
3362
9678
1225
2148
6557
2989
5884
4096
7503
4882
2852
1717
7898
5572
7612
8146
3464
9745
9384
6868
6640
7522
3881
3787
9601
2787
3544
3660
7339
1638
1787
701
7668
3012
9201
577
2353
5085
4674
9856
6320
3878
7926
570
9450
1890
8716
9266
1636
4452
2486
8276
1974
6367
8416
1576
5506
1960
5236
2845
9951
3375
9898
7619
2739
9100
8197
5092
537
9223
1301
6857
3101
9227
7427
8903
1117
2496
8169
2753
6948
655
7382
5275
3374
5798
6851
8880
4110
8439
8077
4061
1814
7975
8033
4553
7075
2582
5997
7613
8157
7298
822
1258
6525
4602
6513
3995
7098
1034
3100
398
8041
482
5673
7767
2632
2524
6647
6743
7315
1076
7156
9129
5403
1541
34
8831
4123
6032
6444
2280
3330
3618
9890
6208
8220
6403
203
1670
3789
3303
2069
1830
138
7742
9597
2770
6619
2596
5865
3934
24
3022
9416
5428
4563
9450
4259
5039
1834
7055
3671
1517
7025
3562
7725
5246
6317
4280
3268
6459
7583
1689
8289
4073
9432
4239
6844
2403
6835
2709
6337
6860
2083
2105
8640
2999
1556
2899
4390
9742
6306
8061
1259
3331
7975
5336
4929
645
5968
8198
7104
3552
9887
5393
3977
5671
9632
821
8074
2820
9883
764
6032
8318
2869
4672
1317
777
3923
5707
520
229
121
8131
3560
8096
9820
8490
8741
5788
3040
5845
5692
9279
7591
9670
1303
3575
6843
5729
6395
6726
6493
8779
5045
9363
3451
2714
6492
7374
4774
3364
7603
4895
1496
7516
2991
7668
2358
8085
3456
1750
282
5501
7381
7873
5171
8684
7801
2014
4414
548
5093
7259
9328
138
2974
2779
9204
9467
6506
3978
2831
461
8873
679
7977
8217
8347
6687
6302
8156
8437
6584
3657
2171
810
5180
855
8611
7194
1621
9159
8639
8881
8487
5129
8207
7619
4334
7674
477
8312
6858
938
3538
7537
5268
1755
2237
1955
4409
6745
6745
993
402
5268
8155
5582
6123
6766
9128
4097
2278
7768
9330
7117
2897
7537
4736
3583
1564
5213
1896
8422
2504
1786
2311
7772
3541
900
6079
7950
7645
9176
5295
4399
4444
9803
9981
6920
2921
5462
1017
5199
9582
6699
2317
8831
4236
3405
2415
2152
8619
663
6926
7475
2449
9238
5247
2342
6490
1326
6644
4136
6855
8291
8535
1299
8094
4869
4571
1016
6683
1940
6215
6265
8639
4884
5096
9228
8290
3863
1380
3261
4526
8307
736
3327
3897
2335
5669
6739
13
2313
875
6868
605
5763
4520
5051
6984
9091
6067
3667
1032
8635
6284
9671
3519
7732
8899
8161
1596
6632
1422
2474
4939
8510
5802
5188
845
7823
1927
859
6489
9155
7727
7094
1270
2247
2145
8254
7691
4565
8273
8723
3200
909
4746
3071
8641
3646
1233
6589
6630
2655
9064
1569
7518
1218
3109
8363
9041
5036
9222
1882
543
3302
8976
1813
1901
7474
6419
9592
8391
4692
4667
1591
5601
9414
4662
595
9412
2247
7184
6042
1255
2600
3963
8773
3818
7072
7136
9212
8460
2711
1094
9004
2365
6423
817
618
249
7237
211
8640
8281
1230
6583
3883
644
7597
4478
56
9845
8014
6098
1100
615
61
6225
785
3485
9713
6349
1946
2424
3796
950
1141
219
1767
1760
6820
5356
8323
5460
3638
9553
2043
3873
198
9640
4703
6606
5837
2717
9057
6937
9684
5470
3162
470
8956
2876
3171
902
1652
6967
8204
2794
3538
9971
906
358
1680
9229
2170
5318
5134
565
5543
5332
206
246
8291
2395
9315
7348
9333
9000
2818
8847
5822
1774
8075
8993
9028
9728
5961
7232
8874
9499
3556
6132
6210
5236
5361
8380
6906
495
5298
2449
2180
1856
9047
6823
4251
8362
4171
3584
7362
3341
8784
3184
1468
6859
2178
496
2939
4491
7729
8165
342
7637
4297
2904
2873
6010
7637
6131
2858
2935
4932
1390
4791
3979
8213
9042
2341
2384
8979
9704
2077
7763
9240
3545
974
7770
4042
266
2261
8123
8431
8956
5760
2729
1860
4985
5091
9497
1116
7949
2432
6048
9339
7223
27
7552
2618
8720
6288
1597
8424
8366
5712
4017
1911
6686
1787
2305
6952
401
428
1736
9357
2540
4465
1217
7525
9556
7067
4993
3858
9499
7393
3197
3075
7420
7102
5693
2493
3390
7290
7269
8108
3002
1286
20
6040
3074
2325
9345
9827
9106
1081
9184
1646
1898
6753
9172
7806
3820
517
1664
3320
7911
1214
6395
1683
8316
2088
4176
8058
5730
1446
6167
5084
2732
2539
1124
2158
1216
6821
1985
322
4254
7521
8321
2504
4275
7493
311
8095
8010
8327
7767
2273
9541
514
3957
4209
8954
8133
2268
1036
9579
4787
6120
8664
7326
3597
822
4894
6770
2808
1569
1025
6681
9890
3529
956
7383
192
5404
1745
8520
9523
4019
8061
6390
4328
8623
1696
2461
891
2733
8393
2030
8853
7057
9356
8802
7879
602
5573
7039
2171
2950
3721
2061
6479
1029
5796
6672
6433
7542
1544
2309
7913
9605
8699
2241
4580
395
1054
5471
9480
9447
7501
8334
6504
3209
3488
736
3812
9061
7775
5983
2011
7848
4397
4843
8878
193
7867
1663
4087
9411
3972
8352
5368
9023
6945
9949
5771
8000
1772
5251
7447
9274
9937
3952
8835
9778
4688
8999
8839
8815
1335
7203
6664
5732
8398
1894
5925
6265
9909
6365
5676
234
4717
7396
9257
1663
7345
1380
9663
9118
2984
3462
4744
2921
3766
9931
2699
4806
8931
7891
3622
266
1446
6638
2350
9844
4884
4627
2461
4793
992
4489
5027
2062
1885
637
3725
9231
2017
9740
4701
5001
3202
9445
4275
6969
9376
3326
1775
4659
7569
1749
1277
9015
4739
3627
5211
9623
4607
7672
4417
1951
2161
5796
4013
4047
6433
4090
9630
4803
3830
4331
9804
3385
3776
431
6706
9504
3758
4833
4164
1327
6583
1793
6695
7674
5421
1906
7298
6380
5931
8067
8331
8092
3863
8697
8491
297
2787
8121
5100
2970
2452
1256
2707
2580
8040
9413
8437
8150
4246
2601
5829
7181
4394
2524
4856
6167
783
8506
8899
6714
6573
7231
4806
436
5928
3298
7085
5067
7771
8537
4389
224
9794
7096
9156
7834
6509
7593
2336
7108
6546
8165
641
7293
690
1849
9812
1473
355
8712
8187
3280
5943
9345
69
8223
8995
7154
9642
6767
5692
4032
3343
1838
1128
2499
6024
3990
6445
8360
7450
2991
6525
8091
6636
3567
6293
6449
5040
3000
5161
9579
6281
7456
5277
6350
2031
4272
9856
1673
1039
5548
2057
4382
7386
3186
3234
3410
3528
9679
8122
978
9022
4648
9069
5659
8215
1714
8460
9608
4715
3621
9187
996
1077
816
3698
9460
5089
3554
1133
2480
5455
9543
3215
2841
2729
6449
2604
6257
2480
726
3587
7854
1726
2656
9865
9942
4371
8325
9550
5438
1946
5089
6434
9375
5906
6484
5187
7347
38
2673
9827
1845
2216
3042
1039
1297
5843
9995
7554
4675
721
7493
2530
8800
6501
2395
8742
872
7073
4644
2662
5371
6085
9096
1099
8343
1932
6286
5690
8323
8959
1870
168
1175
4912
1207
2472
7108
1202
6378
1783
8276
3871
4313
7076
373
3061
2170
7597
134
3166
260
1857
5603
5708
2956
299
3993
9243
2341
2316
4554
4211
8836
5730
5476
44
4554
2584
7598
7285
4367
2226
1156
5033
5654
7881
4446
4176
1831
932
3694
8443
2789
9298
4151
5746
9597
4496
1341
1938
6812
5895
2502
5649
7977
7978
2045
2532
6914
5995
9817
1281
4574
7325
2666
228
5207
7112
757
3390
8044
4451
1833
834
3749
2336
2932
9698
6833
4273
1637
9997
168
491
5646
8146
8469
4043
7030
5383
6391
6847
3016
965
4172
2035
1193
5731
9147
1950
9121
7192
2754
7306
4378
6503
9643
7310
6202
6476
1583
4191
6473
1751
1034
8472
6249
9503
8867
3279
1238
5258
6478
606
6223
7003
2641
3769
2734
8141
2071
8208
5333
4825
5514
9711
1329
1509
7021
3883
7985
4956
4426
811
3059
5460
9283
9309
1315
8150
8940
8905
9761
5419
9511
5984
2422
8505
9753
1508
6646
1825
9716
8331
6650
1583
4394
4331
3092
1415
4566
7430
2723
8992
8241
5782
4452
3876
5091
2119
8378
4032
1024
8139
9451
6888
476
8225
5393
229
9733
8391
8406
9450
6722
1409
7385
1116
5740
6829
8883
6659
4259
1606
5651
8852
3740
6456
9080
8832
8575
3811
9216
5952
1950
5019
2840
2426
3244
4585
9008
2977
2976
3766
8779
6050
5175
2516
3518
7268
9346
2401
3927
9957
359
9578
8810
4099
2386
4242
9283
962
8053
4851
3266
6356
6222
6106
8782
9466
691
4142
8796
19
7909
3927
6069
3084
6444
9587
352
2142
8340
631
2099
5051
210
7261
5502
2596
1504
4786
9910
9557
5989
3176
5913
2212
5634
1048
8030
2677
5190
3178
2696
9451
3458
8765
8888
9902
4704
9240
2044
9396
9872
495
4447
6434
7757
9950
5382
9261
1088
1645
5170
3429
1173
7436
5641
3160
8484
24
5837
26
9554
8534
9478
3012
3651
8366
9266
8356
3958
7662
4104
182
8158
8552
2968
2267
4854
4703
1528
5942
6348
3050
9371
3873
486
1365
7033
8970
7741
2871
5349
7295
7757
4827
6660
1408
9545
5926
6116
9855
3589
221
6390
8099
5125
9358
366
9979
4061
8246
5921
6761
1296
1644
6987
1783
3009
4020
7105
7102
3243
2454
750
1000
3633
7410
2409
3178
3336
8525
9386
3277
5098
5776
1376
223
5134
8094
202
5548
6340
2475
2309
7637
4120
9296
9420
3481
9669
2877
584
2912
5332
1334
3913
8965
5096
2674
8496
8432
7551
7882
8062
2650
3658
5790
9225
5144
3885
9428
692
225
8255
9354
7862
2375
5002
3634
2209
1023
6512
9145
3936
8196
6831
4201
3513
1927
3227
2009
6711
778
6243
4773
9780
9901
564
9006
1398
4449
4786
2090
1026
3041
7796
8889
1769
9151
8875
3978
174
1739
3123
462
9935
9954
1015
9801
8233
4242
1810
4944
5021
8054
9718
4801
4307
6634
3807
5705
7435
4945
4148
8461
7987
8296
3702
9756
7447
2578
86
7622
669
3209
4436
6957
9515
5452
6758
7748
9694
8568
9044
4715
2974
5114
5869
7282
1748
6028
9339
9183
974
3487
3997
5313
1784
7699
1421
5583
6629
1507
9557
7299
4716
3994
608
583
9446
7366
4683
5492
2286
3727
6560
5261
8842
2429
8895
590
4809
8234
6126
5783
8074
123
7448
6210
4174
8869
1793
804
376
1351
8103
1444
1697
5063
2027
7495
2429
3062
2987
4715
6790
9547
6328
5632
8328
1575
2574
3138
6162
5052
5273
4236
1527
2722
446
5702
1591
8591
6506
8320
9942
961
9764
7991
6024
8144
5486
4805
1206
8474
5872
7996
4373
2201
9980
9054
128
8907
8544
6290
3959
169
526
5487
2891
7324
7541
835
2268
4047
5507
2210
1360
5271
6554
3736
9767
2040
8541
974
6866
4413
5322
7592
2966
5303
6646
3095
4210
1542
9385
4521
1711
6264
6360
955
9940
3901
8142
2208
7948
3649
771
5660
5272
7325
9396
5040
5717
7937
2366
2584
8703
7688
176
1669
9343
3174
1116
9905
4716
6854
4427
6427
9470
787
7382
5762
1041
5524
7971
8989
5525
5094
1002
798
8771
398
2190
4488
4688
4556
3424
9743
8596
3600
7764
7940
3126
8881
7845
7842
2087
8624
4270
1557
5764
8004
7319
6805
9881
1642
2146
5406
3088
3148
6204
1859
9899
4746
2700
939
9302
2476
682
7899
6077
4798
2191
5555
31
36
3398
2118
5013
4020
3675
777
2024
995
7582
1905
8989
6080
3664
2078
9229
6220
3937
5480
967
2989
6419
269
5466
3453
4520
7895
4603
6711
3450
4635
3100
3200
6753
8113
7220
429
8890
5597
7776
2824
7502
3117
8904
7518
5195
4485
3739
5485
6317
4706
8474
9088
4975
292
8893
5848
8187
3497
2559
7990
8132
5659
1190
1237
3772
4763
1666
9014
360
5794
8190
4214
8912
3447
1733
459
7932
5472
5944
602
178
771
9690
1505
1063
8584
3705
5603
2081
6265
3593
6565
8276
1135
7802
2049
5898
5821
7415
2610
7967
5606
3177
6879
5405
4910
7339
9689
6734
9635
291
3264
406
9982
1121
1470
8566
4827
7073
6999
1092
7018
3564
9368
4505
1366
7769
6756
3539
1537
9366
1507
3495
2543
8386
8900
3805
2077
8589
539
1713
8881
3803
8471
8863
4925
9941
3781
9752
3366
780
7196
384
4344
2916
4890
2062
686
1646
1954
2223
7364
3461
5718
9908
8199
970
3713
277
9559
605
8342
8440
4408
6813
3655
5685
3107
7436
1789
6473
4568
8985
3210
8912
1902
8100
7327
8940
6098
9281
7515
3462
2742
9585
9722
7293
555
9788
3922
114
393
8616
4907
1153
5430
8562
6839
4889
2351
4980
1362
6919
318
4572
2184
8572
9024
5863
7512
1474
5144
5027
1289
4238
964
1011
7883
1519
799
1806
7985
7544
422
2892
8698
2204
7807
1889
7093
158
3221
4808
3429
3539
5732
5613
2111
1109
1476
5975
2583
2972
7354
3872
3562
8318
1236
1446
9837
8387
3252
7823
5932
26
7067
982
2231
4874
9223
9324
1384
2444
484
4814
5984
6217
427
4447
7326
8256
423
9909
1228
7777
134
1143
6096
1370
8941
2285
6109
8545
108
8393
8571
3528
9375
802
8402
4950
6479
9787
7395
6963
4601
9731
9532
1380
4178
6858
5988
4601
6768
7217
8731
3254
4712
4827
976
3653
7112
7085
2198
3573
5479
7121
7101
1206
4276
1855
6157
755
7994
9904
4070
8947
9635
3603
328
3813
461
6316
4767
3581
9885
3498
3187
949
4677
4163
4602
8141
7601
3152
8066
9432
6626
5167
638
902
3375
3147
8009
1369
3051
8431
317
9038
2034
645
9204
8848
3313
3971
8781
9551
3821
1969
500
4850
2484
1455
2991
85
959
1058
9517
7585
2577
6508
4839
5952
6007
2848
7322
9059
1280
3991
4449
9666
4636
3653
4866
4301
3976
3648
204
7797
1969
705
2647
805
8512
1991
7243
9471
3049
6760
3409
1978
9620
8248
7931
5628
7449
1605
1039
8729
5596
5488
4747
6584
9142
9614
7237
3118
9614
7442
7268
7935
8147
6267
8740
6659
8258
5983
2482
7659
9096
2243
9638
8716
492
3921
696
7941
5526
1735
3022
7474
7224
7769
4058
2718
3735
1295
5836
3349
8737
9456
1284
3236
5724
6377
6247
3982
2360
5082
7994
7808
7325
7632
6525
4169
7905
3573
8462
3431
5309
1484
7257
8885
5606
1315
1603
5693
8962
7439
9043
4052
3248
6679
3640
8972
3056
9888
9306
1769
1322
7300
9577
8647
1284
2454
2817
9189
6028
1279
8972
7689
9116
6229
6574
1074
3896
8177
6767
2859
1968
2162
3263
5216
5194
6903
4188
4602
3143
9847
6371
4465
3499
2301
3113
4784
1107
2282
325
7135
9913
9298
1176
5381
1879
7750
6455
5776
2279
9575
4987
4248
8089
8250
5816
3283
1505
6357
7886
4649
6204
609
9114
9703
9262
8579
839
370
861
1165
3857
775
6815
5034
6156
8694
9136
8964
822
1416
4891
5809
5664
2980
411
7832
2616
8269
4189
6854
2918
393
3815
2032
6449
3078
612
7288
3448
7825
4805
3657
4952
1620
8691
1109
6667
7828
6425
7489
5596
1316
9651
7612
648
6414
5444
3264
4683
9634
118
3953
6379
3934
5986
2828
7012
2950
117
6812
7127
4922
469
2080
2895
5513
9541
9562
9693
5966
3403
5289
3634
9406
9253
4282
2173
4697
7547
6856
683
4017
810
7063
7951
3148
9891
1315
2450
6360
4479
5929
7635
1301
8009
530
3166
7550
6444
2859
9868
6199
4500
3502
5606
3753
4137
7779
4802
1684
987
5486
2053
8149
8901
6357
7649
5144
4024
6451
1505
8504
2381
5492
6157
390
6022
9323
4293
8818
2182
513
5017
3034
4016
623
3139
4505
4754
7941
2541
2094
9779
4594
6595
5032
951
4245
177
4976
7048
8034
9832
9429
3526
5989
6172
5900
5312
6817
4718
3846
7330
9735
6880
7698
359
19
2203
1465
4312
4744
3559
444
9339
6507
5476
6642
752
2005
7970
4152
39
7802
3582
9917
3791
6106
5817
5455
2923
535
9301
253
271
6181
7952
6982
2552
6507
8447
3217
1252
8359
3661
6943
4866
5489
9937
1970
3847
7908
6122
238
5710
6056
156
5854
2162
5973
1309
1437
2861
611
8043
3132
3144
2347
6466
5697
8854
1265
8914
6458
9624
8927
3401
842
768
3339
9164
4615
1247
1639
1206
3309
4047
1362
9163
2562
3687
473
3999
6548
1084
2042
6032
580
4389
2498
6277
9596
3764
1543
6054
9740
6822
5808
6935
7591
5499
2451
8558
3098
4090
9764
6407
4490
7478
5571
7052
7518
2396
7403
4066
9832
5798
6451
412
6539
8949
6690
6135
9065
4585
8542
8806
7760
4350
2093
1703
9849
4544
261
2947
4987
6378
5706
9477
208
1277
2881
7726
25
6636
8145
9857
2434
4596
270
8974
9897
3312
1461
8963
4249
3
7769
2009
4353
6214
3712
554
758
326
9853
2097
6704
5560
1574
3264
3189
807
991
3215
7444
5488
3072
9878
84
9694
5204
9981
3006
6666
8944
7256
3021
3065
5617
3727
9279
9330
4281
6390
9656
4135
8487
2712
9695
6414
5976
2884
7221
3319
2451
1017
8807
5524
7248
8891
5218
2452
5225
4577
5470
521
8185
4844
3587
3802
8571
9218
9484
9204
5608
9140
3339
448
1852
9386
6862
4181
8623
435
3852
1074
1453
2660
2950
8701
7903
8169
7505
9480
9098
9328
2
3635
4172
3589
7437
2743
9159
6922
1947
1120
2414
1639
1568
619
7377
4782
1152
6000
1569
5004
3427
9374
7664
6377
4427
1920
898
1933
1400
9996
1261
1402
9983
1785
1343
7421
880
6855
695
9179
7975
9461
818
5895
80
4548
677
7584
6900
8598
2589
327
7973
6605
6705
2400
8525
7603
685
6278
3952
8298
7680
3935
83
5376
7708
963
2231
4755
143
206
569
7313
2453
7001
8213
9482
4586
5114
8080
7175
5441
6053
3780
8498
4806
2306
2454
5491
8584
6406
3790
2616
6693
3873
7992
754
1189
6575
1861
7684
3133
2430
1349
5586
9432
9563
5068
4018
4677
3149
7545
6470
5554
1325
4969
360
9983
7423
5852
4919
181
9642
3888
3226
9867
8232
3980
1056
4808
2194
8740
7941
976
90
9880
408
6005
4948
778
682
4449
4675
7152
4
6001
8473
6716
2336
5896
2568
7256
6077
8562
7496
5656
4782
5728
5988
5838
536
8182
931
4830
9159
7373
4710
5919
9730
6010
3050
412
6812
7725
3916
3168
78
8742
9884
2415
4638
8805
6023
7068
3719
3519
2724
8501
9247
8712
692
6136
3247
7975
7318
8758
1700
8380
4677
1430
4390
4079
8194
1202
1805
8462
722
1883
7204
607
650
1843
9412
6673
5263
9483
6544
4339
7985
5792
3051
8677
8280
2650
3004
5598
1408
4704
3978
6086
6134
4720
6517
4328
2275
8322
2790
2997
6558
9995
3604
3560
8190
9368
234
9805
8852
6778
4144
3189
8922
3547
1866
3554
6198
4870
9152
7606
9574
3130
44
2060
4203
6562
6388
6478
1236
5530
9475
4146
1877
9432
7707
6419
8800
4293
6224
4004
7423
6720
7193
6346
268
5411
6252
2818
281
5405
424
6207
4887
6821
4619
9090
9735
7359
5568
7323
9242
1396
1470
1119
828
5529
3891
5980
9822
6467
9985
7245
3188
7178
9943
9808
2590
6196
2626
9223
1601
9402
1783
2840
6223
2754
1931
2310
114
3851
9634
9356
5247
7456
6827
6075
2985
718
2056
2807
7186
8393
6404
6726
5571
6348
2886
4513
2544
5512
89
497
1266
8224
9689
3842
978
1620
6152
1092
5472
2138
448
7071
9594
3628
3147
2579
4346
1555
1738
7884
9948
8143
962
1871
4491
3848
2737
3387
5712
2826
236
6979
1050
9925
821
2028
7898
6973
9473
9722
9112
6273
6793
5058
9901
9940
7638
600
7847
9376
8484
4147
7519
5799
6019
8362
9647
5108
1749
1712
7934
8337
8691
5336
8263
9512
3716
2513
2837
3189
2235
8301
5815
9028
3360
5716
5321
998
6316
3168
6726
1153
3668
598
6952
9687
8960
2951
1147
7062
4663
9081
5399
9706
769
14
9218
837
2527
8408
4027
4762
6709
6194
143
69
8262
5464
7419
931
4984
4146
2084
8652
1096
5388
4691
56
4691
5838
7118
5707
1271
8870
5413
2040
8884
984
2878
7764
9392
3257
8878
6101
9451
9021
2523
4065
4485
9942
4996
9470
440
7080
8122
1536
8820
9166
7945
3512
5004
5063
5571
6276
285
984
4668
9170
1968
3898
3286
7712
7155
2164
3814
2958
1186
2689
7024
5671
8983
2020
1493
9424
5453
5968
7312
625
5134
5257
489
138
6673
6060
2766
6958
3397
7435
2480
5365
1333
5766
3078
4841
4283
3244
4151
5469
5933
7527
1140
1268
9548
8986
692
1353
4954
4357
1978
88
5966
8820
6578
8991
4880
9345
2302
8277
3132
1134
9995
817
3253
9425
2010
7536
9021
6162
3005
1306
3689
497
2574
9589
9483
9619
7294
4437
3976
5625
877
6294
4445
7456
5286
9325
3153
7588
3955
2637
8722
3950
9806
8327
3375
1817
5863
2396
4331
8868
54
4372
9366
2628
314
5201
2247
7608
5991
6223
3233
6868
2518
7678
676
4156
3356
181
8096
7311
9170
3170
7613
8977
1498
7340
7146
7361
6088
7829
6230
6142
2201
1948
8770
2515
7149
1018
124
9492
3593
9709
6361
2463
3740
3389
6619
7096
3571
4715
759
2741
7886
4724
8070
9384
2064
1568
3097
8152
9397
9327
4294
7951
7627
9416
466
1129
434
6942
621
380
6652
3334
2843
6744
6724
5815
3840
295
530
951
9388
4768
5675
3811
504
4091
1731
3602
2243
1129
9281
2889
9080
6909
8657
5898
8038
5444
2841
5011
5824
5845
8346
8667
2589
5070
4482
2781
1717
1365
84
7457
6133
2111
1268
6638
6202
3000
6592
8445
481
5873
7686
5913
2782
6343
1811
7172
1787
1004
2184
3963
6849
6882
2631
5790
1952
3465
4923
21
1182
5007
7478
3668
7118
5099
6658
9672
4451
3250
8117
4932
9123
2155
845
1906
4851
9008
5430
6638
13
7614
602
3214
848
9585
5357
2800
9402
280
2821
6937
1640
6652
605
5110
1751
7263
4783
6202
513
9252
7486
9636
7760
4683
7894
2611
3691
3325
5601
56
7291
2555
9623
8140
8492
4980
7292
7895
1612
6466
1184
9604
3118
1789
4715
4869
5404
5850
7423
5917
1454
4909
1905
9214
5944
6152
1825
5987
5829
3779
2396
9472
6334
2019
3964
4827
3351
1257
9074
4963
7723
258
920
841
2047
1987
2062
3803
7837
5837
9720
9291
7098
7977
4858
3042
481
3035
5381
2662
6814
7777
2135
3149
9796
6099
7976
9499
7356
3402
815
1431
3660
1735
8624
2059
3722
7038
5862
7911
2875
1934
3554
9973
6263
8412
9367
6745
1448
4749
9407
8262
2526
1542
7763
8675
3994
2091
4526
1350
5493
5341
9134
9153
7076
7758
1212
7150
4797
7074
5061
4024
9008
8616
3998
1624
7028
9717
8369
4828
818
4128
9443
3345
5671
7206
8372
6017
9298
2898
7367
1143
8240
2853
297
1668
612
7861
5171
1761
1288
232
5785
6648
5200
6135
8272
8581
5853
2993
3409
6671
7122
9204
6368
9145
6411
1092
5162
2061
343
8881
3204
4935
1735
9853
6603
2347
4067
1774
460
1707
8359
6245
8355
3559
2381
2980
8492
4586
5973
8254
7609
3095
7458
330
2240
221
1422
7402
2282
1765
6284
1839
6700
8019
8044
9656
6718
8463
7782
7178
170
2493
9775
8526
2405
8508
1506
897
3094
7479
9151
7056
6927
2962
7386
9167
3183
5160
2922
1818
3278
5558
3657
9978
9929
8053
5986
2999
6517
121
177
6687
8966
6304
1565
1371
4813
9423
8621
4259
3255
4124
1315
182
7086
5053
5701
270
214
4975
2088
3492
533
2097
9822
462
6502
2161
3461
3019
8634
9990
6059
7600
6295
7624
5324
7460
7048
3945
1719
303
4421
9387
6837
1508
4440
2538
8130
1006
7514
6570
850
4399
5019
673
1214
1521
9186
4675
893
7820
1018
6952
5420
3665
928
744
1125
4328
1041
2844
983
5463
8583
4172
3323
3024
6711
7805
382
577
727
1233
1328
5746
1906
2542
3619
1092
3570
864
5264
4588
4168
684
8253
1449
7781
9378
5777
5174
8574
3113
637
7158
7285
312
6534
348
4469
6916
7277
5196
8149
8606
7294
6407
1148
914
3851
4718
8130
9115
5658
2299
6152
3911
3748
3933
9641
5877
5459
8216
8990
2449
1726
6276
2761
8260
6624
7231
5176
3902
2427
9678
2508
6074
6085
8
3340
9937
1079
1470
5404
6737
121
1556
7001
3869
1841
6642
9747
7301
1210
5089
9750
2936
1365
8863
1196
4342
6094
2725
8244
4874
2403
7104
948
4840
3464
4288
1129
4543
5758
6534
1281
5880
8090
4634
6101
6284
1276
2200
3585
2487
7290
9687
1775
5007
8550
9324
9349
4645
2049
3945
5871
804
7401
6819
5644
866
7459
6774
5409
9569
9660
3042
1801
4102
7676
7903
386
5305
6455
3971
4144
97
3658
5919
5105
8561
5243
806
3206
3644
4752
9077
4448
2153
2248
6445
9371
9707
3219
4781
5628
9231
4175
7430
3333
8204
1685
3720
3509
8140
4043
7653
8238
4054
9924
9695
2615
5168
501
2173
5164
5253
7602
9613
3759
9850
6058
3130
5909
5629
4263
7889
4860
8439
5319
8193
2995
7004
8265
6504
1497
8661
509
9735
2715
433
5782
1682
1953
6283
3855
7118
7889
7809
3083
1648
4011
9141
1130
9920
1122
1746
4161
5982
185
9481
527
9532
2837
5145
6036
4334
3806
2897
421
2873
3330
2555
4555
1636
8839
4762
5106
6728
2571
8189
4728
6582
3682
5858
2854
4804
7604
7015
7138
4141
2848
7665
3673
5686
9162
6061
6372
2968
8958
3146
2193
8641
5701
6748
277
892
7862
5383
7620
433
9924
2348
7015
3606
4559
6221
8410
2163
3237
5548
2657
6085
9565
6330
8123
8728
8744
848
8048
7702
346
6594
2695
6047
3342
2972
6940
7557
4707
912
7990
4631
3261
1358
8237
7820
7579
2999
6335
7168
8547
8992
9606
4465
1675
4081
9545
6771
4929
3945
4473
5275
539
7169
7675
3882
6493
967
1439
7553
8231
5781
2184
1492
7139
6774
5664
1071
9773
8352
4591
8321
3696
4197
2786
5371
8279
8683
2142
9560
2628
2968
1188
3168
6489
5215
3402
9334
2534
1193
6887
765
6974
9072
8610
466
2198
4274
7889
1971
8978
2480
292
2675
3030
9430
4398
7661
8113
2893
7221
742
2213
4761
262
8702
9976
3664
4388
8862
4857
1276
9628
1831
6700
8238
8649
8898
8864
6538
869
7843
5371
7514
518
8401
3296
4916
6062
7762
4161
9635
8504
6374
749
5118
5076
7077
8782
5817
5940
3639
7093
5568
1822
3793
3806
6824
9043
2670
3362
9912
6865
5085
3778
7383
3486
7075
8652
5900
4837
2813
1888
9693
9188
2637
4811
616
9714
9945
6433
2006
3584
9878
7574
1758
23
7732
8582
9066
6755
8297
5331
3620
3382
5461
7356
6869
2536
6008
9121
3725
5173
1009
3418
713
9998
4581
1330
9713
4526
4115
8071
4462
346
5646
6221
369
9730
4803
5788
6485
3100
1119
106
6483
6580
3814
9704
5469
9822
8825
9194
1347
9835
8965
2061
6185
3546
9743
5898
4425
210
3970
8887
556
5968
5108
926
5698
6264
6714
8536
5716
4185
4994
2199
7117
8808
8255
8938
4982
7081
8133
6329
3268
3450
8390
9453
3348
4485
1704
7773
4696
2026
6661
5252
4346
8121
2530
6396
4385
9244
4932
6454
9781
9926
8653
3251
8734
3261
2189
68
6694
6674
6398
6314
124
1140
2119
3473
5626
3823
1246
6674
2201
4259
1926
6547
8733
809
2944
9470
53
4228
5924
6187
4155
930
9438
9241
4191
1627
9310
885
8302
2060
7199
4778
3200
9318
8251
5178
9494
5850
1852
1695
6461
131
4595
5194
940
3891
4665
7345
8119
6941
9884
8626
7871
9322
7868
2062
7302
3530
9299
5604
5590
6498
382
8790
2169
4986
321
8015
7188
8525
6062
3649
8656
657
8844
5948
900
9861
9646
5372
6802
9530
3998
1026
5205
8218
3088
2507
1748
2388
4463
7338
5238
1197
2481
3759
6183
9154
1774
3371
7679
7837
3373
2688
4846
8569
8636
5747
4782
4634
1119
1584
4165
1469
2610
9370
9688
2051
8229
1436
791
2692
5127
2381
3889
7608
6141
6425
6762
4267
6148
793
8456
5873
3481
3303
4442
8470
5402
9224
3104
2873
7161
3621
4342
6123
2991
4030
8174
7572
5467
5317
264
594
7699
506
4554
192
3283
7668
811
5783
4813
9268
1657
8295
2571
6099
6765
7973
1676
6221
846
8837
9843
1540
4960
9186
5571
3135
6759
7390
4804
7023
7984
2503
3881
8890
9047
3516
2910
9859
9300
7723
9127
957
2370
8050
3408
9135
2375
5084
5357
9573
3921
5200
1113
5234
4386
6684
4721
7497
4074
9525
4521
8410
8381
4754
3652
7428
8271
6562
3639
3923
638
2766
4880
3008
816
4640
8496
3191
6077
205
2764
9998
1757
3878
5232
6143
6914
6305
9993
989
5831
4514
5751
4212
5620
9404
7992
243
2318
1632
4166
2956
750
5398
2317
1567
39
813
1110
6116
1018
227
2466
2775
457
4051
5270
3723
356
5263
4712
2539
6129
6816
6751
8102
6220
4744
8345
8538
2728
2512
7847
3478
7910
164
1397
4301
7329
2508
417
8347
9087
9236
7474
5896
9639
2744
9619
9995
4360
684
2535
6841
7500
5638
4943
3720
6734
3289
8610
9462
5801
2809
2941
63
2973
4338
4365
302
3198
1134
5001
8637
370
2475
4533
9
1572
505
6357
5932
1189
5244
2773
5041
882
4069
8761
7617
7358
3723
3431
9511
6533
2724
9574
5858
3415
3939
2513
2965
5074
7514
1603
1796
6342
2488
8158
4266
2993
4515
6550
534
9759
5675
5575
6993
9744
688
962
7102
764
4394
6613
3649
7118
6188
9507
533
6479
8372
3499
1553
2239
1454
9702
8581
294
7860
9199
9640
2375
5749
174
8486
1424
2102
5479
1169
9142
6442
4623
9906
7188
1237
3555
658
3777
3063
1192
256
7787
1043
8162
26
8849
7864
4959
9143
5724
4158
8783
4451
9907
8958
9289
1332
7412
4768
8853
6554
7562
3476
6461
1102
1065
16
1761
4842
9431
9305
1451
3571
348
9613
3597
9197
3829
8557
8340
9553
2715
3476
356
2623
2434
9645
307
6198
765
5512
2752
4680
8988
5565
2134
6406
5582
3895
1248
1365
3200
2699
4936
9900
8664
4886
9097
2493
3443
3790
8398
2510
7266
8754
5133
6052
4751
1792
2250
1869
3656
1354
2901
8997
6920
5035
5403
8854
8931
6651
6571
8483
5703
7860
8384
4367
2746
7481
6861
6189
7623
5259
8699
1241
366
185
7293
1469
8329
5895
3338
1986
7250
6239
983
4170
1275
6386
3024
6558
9389
9595
5041
5092
7455
3425
9460
6553
7259
2673
2742
1234
7932
7794
2476
4650
4331
9769
6120
9012
5665
9458
7350
9267
2050
8333
3437
9677
1071
2813
6235
6813
8760
7628
1905
2568
7406
7717
9121
4665
6742
8216
2251
1027
6010
4727
5677
6693
849
1797
5705
6514
7608
9408
2133
6010
4093
1922
5687
5165
4735
8274
8330
3495
5902
6587
6063
9660
4305
1537
4325
7399
9753
6577
8426
2115
7656
4104
8808
8505
2253
865
1371
6213
273
3504
2223
719
5426
7910
2236
6513
2536
566
9
8439
7153
2424
8099
7810
3961
8777
5210
3714
1706
3636
5829
5714
7740
989
4220
6346
8207
5591
2559
4832
5448
4783
5551
874
9045
7787
7388
1582
8353
3749
6373
1859
2525
824
9669
6487
5953
4879
6553
7659
4868
8735
9726
8960
6076
3946
5306
4283
5889
7866
5468
1337
9001
7371
8564
8046
5159
2304
9628
9864
2405
6001
8075
4930
6826
7745
1417
2779
8976
4323
6791
3844
3058
2869
9157
5486
6815
4463
9770
9056
8681
1590
6746
7682
8961
5310
2081
472
3966
1709
337
6371
4063
4764
1301
7241
2509
9071
6372
7838
9746
9515
8034
2804
2384
7191
8290
5551
1655
4412
4608
6688
2354
1354
4371
1316
3016
2804
1788
6982
4513
8477
3353
4928
3242
1006
2169
2103
6429
4894
9941
6175
4409
7976
5331
6794
1519
9974
8697
3174
738
3305
9863
3093
1011
586
4409
4027
3390
2549
7361
4255
7379
